25247
6917
18005
11531
19561
2937
28605
13254
21915
9469
23591
15082
30028
22488
31244
31002
16736
29936
24330
21643
21001
4926
26505
5143
32396
27007
31134
9869
22345
28716
28464
29772
246
24493
27481
28432
21803
24266
7950
21515
27683
30050
16643
21560
29633
5983
15561
5868
30673
23529
23865
19118
32657
13530
30230
14408
9327
14962
20718
3102
1557
24397
24897
18879
16291
8337
998
7610
16955
1644
19881
435
14531
2238
11577
26293
22758
11282
25666
22986
17756
27347
7126
22217
25964
16061
6161
15728
21935
24209
20221
7346
22038
1037
26291
18514
22830
19995
24259
27825
6307
4937
26838
5349
21252
14457
13458
22282
5829
24537
12990
6877
16010
1046
5031
11911
675
21453
1218
7606
17362
24899
29074
32498
29525
31317
19404
11055
15392
15538
7866
5022
20843
14919
29149
10697
1644
16891
16086
3551
4966
8349
32391
30540
11234
28186
4469
2957
19004
15092
1904
5955
21602
12783
2679
23942
32217
526
28886
29051
2817
9405
14993
20009
22937
21584
32261
8328
21125
18092
1997
30683
10447
68
12771
20544
2541
21320
13831
11142
9026
24344
32613
11326
8423
9215
16242
26389
2474
32542
18967
24161
7255
8870
32017
23545
4663
24139
13976
7498
27351
19445
7998
1447
9482
13496
19227
19169
2353
16902
30247
20504
26810
20259
24551
8912
30439
28378
2636
20039
7889
31087
24536
30983
31404
14036
1282
183
20556
31007
22748
2102
14056
15164
26867
11243
18975
6111
23670
20566
3640
11453
6811
16107
27054
15868
12351
1313
22508
11752
14541
18886
14677
7399
20064
3221
25735
17839
17708
1034
23777
27062
13850
3445
21059
25066
7346
25422
19988
10147
3134
3528
12682
27094
16428
16808
26917
651
2997
8536
31101
24721
27836
5175
18750
14704
17913
10292
19569
6047
1110
12699
29949
6391
13209
7470
3181
29032
17988
10360
23283
1515
5305
29790
16301
13239
22434
9719
7720
6072
8592
2462
17699
27197
7138
27717
12949
17137
2793
7948
22769
22796
23882
22802
18856
5066
19107
27530
26863
32541
17777
31762
3780
30878
17457
14657
14635
10442
9669
15743
13246
7275
13594
5146
22628
4692
4104
5270
19809
20817
30073
2116
25743
6750
16078
19990
32746
2839
2174
28849
8018
1136
19968
25284
31629
27046
31980
21912
21132
19318
17245
24041
18671
21388
7577
23285
1227
1086
26356
21458
26026
8314
29169
16132
32211
20477
27563
26703
12492
21446
3699
26826
6942
24267
26555
25909
10072
26346
13619
1676
29782
546
7473
24796
28867
9219
18006
15446
20445
20323
4719
29858
15224
4179
153
25206
26438
21074
31401
870
26965
26304
4554
21502
31705
20373
28264
4110
3116
8786
30541
19781
15123
5944
29706
9217
12867
6328
11929
23142
29476
26412
22592
17838
724
9412
13752
21951
5999
24003
22159
32515
10894
24811
23499
30324
5389
31797
4560
29686
6162
29126
24964
28394
30538
14623
23728
2304
2166
24724
27050
6988
23591
8959
21041
6557
25541
1461
14744
16394
14550
4793
15911
16077
27005
816
18878
22613
28225
28181
21947
9622
11536
20270
9758
29860
11652
31295
16363
30080
25189
20093
7888
10545
11374
15941
28168
18199
31316
32526
18559
3197
10756
30109
17463
10861
3884
12920
19690
17864
17150
4764
4593
15766
8497
22642
2916
11162
5704
20736
23171
21289
8982
22876
2388
29245
14722
22631
28046
10438
22152
183
12982
27200
32128
28373
20360
11658
30883
30633
27288
20214
715
15154
29241
22685
15994
20347
27550
9461
7710
6090
15679
4005
8595
7194
30846
10391
3306
29899
26251
7503
31849
7833
23685
19580
31186
19147
6882
14285
30441
32684
15376
18438
20784
7487
30300
5971
17141
6703
13588
13788
25998
3333
19688
7321
10468
21917
20374
17000
25646
31451
17095
1885
25599
4250
15923
27225
6531
14821
13580
15582
20229
7018
28314
18721
1461
21035
29219
7777
24745
17015
27149
30584
16673
21273
16966
28592
30735
26831
1508
31191
12503
13822
16393
19862
31059
12963
25610
16126
2842
20621
208
13412
14850
16330
17278
11887
11235
22367
3411
5743
15774
30268
8403
18160
14686
28782
10785
656
16926
23703
9904
19725
6252
21915
28698
23202
7276
1181
28240
2452
12575
1834
13556
6664
25829
1459
4099
6167
833
3649
17335
11300
29661
1892
940
17773
2766
20332
